id,host_id,neighbourhood_group,room_type,price,minimum_nights,number_of_reviews,last_review,reviews_per_month,calculated_host_listings_count,availability_365,Lat+Lan
2539,2787,Brooklyn,Private room,149,1,9,10/19/2018,0.21,6,365,40.64749 -73.97237
2595,2845,Manhattan,Entire home/apt,225,1,45,5/21/2019,0.38,2,355,40.75362 -73.98377
3831,4869,Brooklyn,Entire home/apt,89,1,270,7/5/2019,4.64,1,194,40.68514 -73.95976
5022,7192,Manhattan,Entire home/apt,80,10,9,11/19/2018,0.1,1,0,40.79851 -73.94399
5099,7322,Manhattan,Entire home/apt,200,3,74,6/22/2019,0.59,1,129,40.74767 -73.975
5121,7356,Brooklyn,Private room,60,45,49,10/5/2017,0.4,1,0,40.68688 -73.95596
5178,8967,Manhattan,Private room,79,2,430,6/24/2019,3.47,1,220,40.76489 -73.98493
5203,7490,Manhattan,Private room,79,2,118,7/21/2017,0.99,1,0,40.80178 -73.96723
5238,7549,Manhattan,Entire home/apt,150,1,160,6/9/2019,1.33,4,188,40.71344 -73.99037
5295,7702,Manhattan,Entire home/apt,135,5,53,6/22/2019,0.43,1,6,40.80316 -73.96545
5441,7989,Manhattan,Private room,85,2,188,6/23/2019,1.5,1,39,40.76076 -73.98867
5803,9744,Brooklyn,Private room,89,4,167,6/24/2019,1.34,3,314,40.66829 -73.98779
6021,11528,Manhattan,Private room,85,2,113,7/5/2019,0.91,1,333,40.79826 -73.96113
6090,11975,Manhattan,Entire home/apt,120,90,27,10/31/2018,0.22,1,0,40.7353 -74.00525
6848,15991,Brooklyn,Entire home/apt,140,2,148,6/29/2019,1.2,1,46,40.70837 -73.95352
7097,17571,Brooklyn,Entire home/apt,215,2,198,6/28/2019,1.72,1,321,40.69169 -73.97185
7322,18946,Manhattan,Private room,140,1,260,7/1/2019,2.12,1,12,40.74192 -73.99501
7726,20950,Brooklyn,Entire home/apt,99,3,53,6/22/2019,4.44,1,21,40.67592 -73.94694
7801,21207,Brooklyn,Entire home/apt,299,3,9,12/28/2011,0.07,1,0,40.71842 -73.95718
8024,22486,Brooklyn,Private room,130,2,130,7/1/2019,1.09,6,347,40.68069 -73.97706
8025,22486,Brooklyn,Private room,80,1,39,1/1/2019,0.37,6,364,40.67989 -73.97798
8110,22486,Brooklyn,Private room,110,2,71,7/2/2019,0.61,6,304,40.68001 -73.97865
8490,25183,Brooklyn,Entire home/apt,120,2,88,6/19/2019,0.73,2,233,40.68371 -73.94028
8505,25326,Brooklyn,Private room,60,1,19,6/23/2019,1.37,2,85,40.65599 -73.97519
9357,30193,Manhattan,Entire home/apt,150,10,58,8/13/2017,0.49,1,75,40.76715 -73.98533
9518,31374,Manhattan,Private room,44,3,108,6/15/2019,1.11,3,311,40.86482 -73.92106
9657,21904,Manhattan,Entire home/apt,180,14,29,4/19/2019,0.24,1,67,40.7292 -73.98542
9668,32294,Manhattan,Private room,50,3,242,6/1/2019,2.04,3,355,40.82245 -73.95104
9704,32045,Manhattan,Private room,52,2,88,6/14/2019,1.42,1,255,40.81305 -73.95466
9782,32169,Brooklyn,Private room,55,4,197,6/15/2019,1.65,3,284,40.72219 -73.93762
9783,32294,Manhattan,Private room,50,3,273,7/1/2019,2.37,3,359,40.8213 -73.95318
10452,35935,Brooklyn,Private room,70,1,74,5/12/2019,0.66,2,269,40.6831 -73.95473
10962,9744,Brooklyn,Private room,89,4,168,6/21/2019,1.41,3,340,40.66869 -73.9878
11708,44145,Brooklyn,Entire home/apt,85,2,231,6/22/2019,1.96,2,22,40.70186 -73.92745
12048,7549,Manhattan,Shared room,40,1,214,7/5/2019,1.81,4,188,40.71401 -73.98917
12192,46978,Manhattan,Private room,68,2,245,6/21/2019,2.08,2,96,40.7229 -73.98199
12299,47610,Brooklyn,Entire home/apt,120,3,15,5/27/2019,0.39,1,345,40.66278 -73.97966
12303,47618,Brooklyn,Private room,120,7,25,9/30/2018,0.23,1,311,40.69673 -73.97584
12318,16800,Manhattan,Private room,135,4,81,6/16/2019,0.69,1,273,40.79009 -73.97927
12343,47727,Manhattan,Entire home/apt,150,7,97,6/13/2019,0.84,1,309,40.81175 -73.94478
12627,49670,Brooklyn,Entire home/apt,150,29,11,6/5/2019,0.49,1,95,40.65944 -73.96238
12937,50124,Queens,Private room,130,3,248,7/1/2019,2.25,1,215,40.74771 -73.9474
12940,50148,Brooklyn,Entire home/apt,110,7,61,5/25/2019,0.52,1,265,40.68111 -73.95591
13050,50846,Brooklyn,Entire home/apt,115,3,11,1/1/2017,0.1,1,0,40.68554 -73.9409
13394,52335,Brooklyn,Private room,80,3,135,6/17/2019,1.16,2,192,40.69142 -73.97376
13808,54275,Brooklyn,Private room,80,1,112,6/16/2019,1.01,3,251,40.68043 -73.93934
14287,56094,Manhattan,Entire home/apt,151,2,73,7/7/2019,0.63,1,302,40.78635 -73.97008
14290,56104,Brooklyn,Entire home/apt,228,3,82,5/17/2019,0.7,1,140,40.7042 -73.9356
14314,56246,Brooklyn,Entire home/apt,144,2,328,6/29/2019,2.82,1,234,40.73506 -73.95392
14322,56284,Manhattan,Entire home/apt,200,7,19,3/25/2019,0.22,1,257,40.73961 -73.98074
14377,56512,Brooklyn,Entire home/apt,150,30,105,6/22/2019,0.9,1,30,40.70881 -73.9593
14991,59023,Manhattan,Private room,110,5,19,5/18/2019,0.17,1,301,40.72004 -73.99104
15220,59734,Manhattan,Private room,69,2,289,6/9/2019,2.49,2,294,40.75531 -73.99293
15338,32169,Brooklyn,Private room,49,4,138,6/4/2019,1.19,3,320,40.72401 -73.93788
15341,60049,Manhattan,Entire home/apt,180,30,21,6/29/2019,0.3,1,154,40.7221 -73.99775
15385,60252,Brooklyn,Private room,80,2,42,6/30/2019,0.38,1,263,40.71185 -73.96204
15396,60278,Manhattan,Entire home/apt,375,180,5,11/3/2018,0.12,1,180,40.74623 -73.9953
15711,61491,Manhattan,Entire home/apt,250,2,66,3/30/2019,0.57,2,231,40.77065 -73.95269
16326,63588,Brooklyn,Entire home/apt,200,30,143,1/26/2019,1.33,2,297,40.67811 -73.96428
16338,63613,Brooklyn,Private room,55,7,27,9/30/2017,0.23,2,292,40.69 -73.96788
16421,63924,Manhattan,Private room,52,30,191,5/16/2019,1.65,1,191,40.75979 -73.99119
16458,64056,Brooklyn,Entire home/apt,225,3,4,9/24/2017,0.16,1,0,40.67343 -73.98338
16580,64442,Manhattan,Private room,80,1,338,7/1/2019,4.72,2,72,40.72649 -73.97904
16595,64522,Brooklyn,Entire home/apt,275,1,148,6/23/2019,1.4,1,362,40.70933 -73.96792
16821,4396,Manhattan,Private room,99,1,106,6/21/2019,1.26,2,336,40.72298 -73.98474
16974,65837,Manhattan,Entire home/apt,225,4,190,6/23/2019,1.64,1,215,40.80164 -73.93922
17037,66035,Manhattan,Entire home/apt,230,9,49,5/14/2018,0.43,1,116,40.72162 -73.98008
17092,66243,Manhattan,Private room,51,7,23,6/1/2019,0.43,1,88,40.76342 -73.98865
17693,68428,Manhattan,Private room,65,2,49,6/18/2019,1.6,2,336,40.83139 -73.94095
17747,68599,Brooklyn,Private room,105,2,105,6/26/2019,0.92,1,304,40.68346 -73.96374
18127,69829,Manhattan,Entire home/apt,190,5,21,1/2/2019,0.2,1,224,40.72828 -73.98801
18152,69942,Manhattan,Private room,200,1,142,7/6/2019,1.5,1,322,40.76865 -73.95058
18198,70091,Queens,Private room,70,30,25,5/31/2019,0.22,1,324,40.75038 -73.90334
18590,71512,Brooklyn,Private room,95,3,143,6/16/2019,1.28,1,132,40.6932 -73.97267
18728,71876,Manhattan,Private room,150,3,167,5/28/2019,1.65,1,295,40.74138 -74.00197
18764,72014,Brooklyn,Private room,145,3,61,4/22/2019,0.54,4,238,40.71154 -73.96112
19159,73051,Manhattan,Entire home/apt,110,31,54,3/23/2019,0.49,1,209,40.82915 -73.95136
19169,73128,Manhattan,Entire home/apt,285,5,70,6/30/2019,0.62,1,328,40.71851 -73.98892
19282,73469,Brooklyn,Entire home/apt,130,6,16,6/15/2019,0.15,1,38,40.65401 -73.96323
19319,44263,Manhattan,Private room,94,30,94,4/8/2019,0.84,1,188,40.7114 -73.98794
19601,74303,Brooklyn,Entire home/apt,800,1,25,8/4/2016,0.24,1,7,40.69723 -73.99268
19812,74857,Brooklyn,Entire home/apt,105,3,61,8/9/2018,0.53,1,272,40.71833 -73.95748
20299,62407,Manhattan,Private room,60,3,194,6/30/2019,1.73,1,26,40.72334 -73.9844
20300,76627,Manhattan,Private room,50,1,2,2/14/2016,0.05,1,0,40.72912 -73.98057
20611,72014,Brooklyn,Private room,85,3,174,6/22/2019,1.54,4,288,40.71156 -73.96218
20724,961342,Brooklyn,Private room,65,4,24,5/26/2019,0.28,1,317,40.70032 -73.9383
20734,78460,Brooklyn,Entire home/apt,131,4,166,6/27/2019,3.4,1,207,40.68233 -73.97261
20755,51038,Brooklyn,Private room,98,7,16,5/31/2019,0.2,6,185,40.68634 -73.966
20853,79070,Brooklyn,Entire home/apt,250,7,21,5/21/2019,0.3,1,158,40.68035 -73.97162
20913,79402,Brooklyn,Entire home/apt,100,5,168,7/22/2018,1.57,1,0,40.70984 -73.95775
21293,44145,Brooklyn,Entire home/apt,105,3,118,6/18/2019,1.05,2,9,40.70093 -73.92609
21456,42032,Manhattan,Entire home/apt,140,3,81,7/7/2019,0.71,1,198,40.79764 -73.96177
21644,82685,Manhattan,Private room,89,1,1,10/9/2018,0.11,1,365,40.82803 -73.94731
21794,83257,Manhattan,Private room,98,30,30,5/1/2019,0.27,2,364,40.74008 -74.00271
22911,87773,Brooklyn,Entire home/apt,125,7,139,10/28/2018,1.23,2,311,40.68413 -73.92357
22918,32294,Manhattan,Private room,60,3,11,1/3/2019,0.87,3,219,40.82279 -73.95139
23135,11481,Brooklyn,Entire home/apt,175,2,233,6/24/2019,2.09,3,342,40.67967 -74.00154
23501,63318,Manhattan,Private room,65,2,68,11/1/2012,0.6,1,312,40.83927 -73.94281
23686,93790,Manhattan,Entire home/apt,500,4,46,5/18/2019,0.55,2,243,40.73096 -74.00319
24143,97219,Brooklyn,Private room,101,3,335,5/29/2019,3.02,1,152,40.71332 -73.94177
24285,97797,Brooklyn,Entire home/apt,220,30,88,11/2/2018,0.79,1,9,40.66941 -73.98109
25235,87773,Brooklyn,Entire home/apt,125,90,162,6/28/2019,1.46,2,137,40.68373 -73.92377
25406,105538,Brooklyn,Entire home/apt,80,30,29,5/26/2018,0.4,1,222,40.71459 -73.94844
25696,107628,Manhattan,Private room,100,2,170,6/23/2019,1.61,1,346,40.8092 -73.94421
26012,109589,Brooklyn,Entire home/apt,200,30,19,3/17/2017,0.2,1,208,40.68157 -73.98989
26362,59734,Manhattan,Private room,59,2,334,6/16/2019,3.0,2,279,40.75527 -73.99291
26520,51038,Brooklyn,Private room,125,2,19,6/2/2019,0.2,6,250,40.68698 -73.96572
26559,112793,Manhattan,Entire home/apt,140,7,12,12/11/2017,0.13,1,164,40.7288 -73.98192
26785,42273,Brooklyn,Entire home/apt,120,30,467,12/30/2018,4.22,2,192,40.66853 -73.98912
26933,72062,Manhattan,Entire home/apt,350,2,7,8/9/2017,0.06,4,298,40.7254 -73.98157
26954,115157,Manhattan,Entire home/apt,199,5,38,12/2/2015,0.38,1,260,40.74294 -73.98009
26969,115307,Brooklyn,Entire home/apt,325,3,324,6/23/2019,3.01,1,107,40.71942 -73.95748
27006,115560,Manhattan,Entire home/apt,235,6,27,4/27/2019,0.27,1,199,40.77823 -73.97637
27385,72062,Manhattan,Entire home/apt,225,1,115,6/7/2019,1.05,4,299,40.72555 -73.97965
27531,118971,Brooklyn,Private room,99,2,354,5/20/2019,3.2,3,20,40.66831 -73.98604
27644,119510,Manhattan,Entire home/apt,170,2,195,7/1/2019,2.03,1,318,40.82754 -73.94919
27659,119588,Brooklyn,Entire home/apt,400,2,16,12/30/2018,0.24,2,216,40.66499 -73.97925
27759,119900,Manhattan,Entire home/apt,170,7,13,6/26/2019,0.12,1,224,40.77842 -73.97556
27883,120223,Manhattan,Entire home/apt,100,4,25,12/10/2011,0.23,1,0,40.72245 -73.98527
28321,65091,Brooklyn,Private room,75,2,9,10/5/2018,0.08,1,324,40.65593 -73.96053
28396,6197784,Brooklyn,Private room,90,1,9,9/18/2011,0.08,1,245,40.71923 -73.96468
28907,124352,Manhattan,Entire home/apt,150,5,21,8/15/2017,0.19,1,189,40.778 -73.94822
29012,124797,Manhattan,Private room,85,15,36,8/17/2017,0.33,1,307,40.85879 -73.93128
29013,35935,Brooklyn,Private room,70,3,63,5/14/2019,0.58,2,310,40.68332 -73.9547
29455,126607,Manhattan,Entire home/apt,120,3,155,6/20/2019,1.42,3,213,40.81618 -73.94894
29628,127608,Brooklyn,Private room,89,3,260,7/3/2019,2.35,1,278,40.68414 -73.96351
29683,125857,Manhattan,Entire home/apt,185,5,73,6/25/2019,0.66,1,209,40.72392 -73.99143
30031,129352,Brooklyn,Private room,50,3,193,5/20/2019,1.86,1,0,40.73494 -73.9503
30927,120335,Manhattan,Entire home/apt,105,3,32,6/14/2019,0.29,1,16,40.71341 -73.98856
31130,117287,Manhattan,Private room,130,2,50,5/26/2019,0.45,3,234,40.76754 -73.98399
31555,135619,Manhattan,Entire home/apt,115,29,26,7/1/2019,0.25,1,12,40.73442 -74.00303
31902,137292,Brooklyn,Private room,77,2,2,1/1/2019,0.02,1,178,40.63188 -73.93248
31994,137814,Brooklyn,Private room,76,2,426,6/24/2019,3.89,3,275,40.6873 -73.9634
32023,137974,Brooklyn,Entire home/apt,125,3,227,6/23/2019,2.09,2,163,40.68296 -73.93662
32037,116599,Brooklyn,Private room,135,4,84,7/1/2019,0.77,3,365,40.6863 -73.96765
32100,138579,Brooklyn,Entire home/apt,250,29,3,7/30/2017,0.03,1,34,40.73409 -73.95348
32289,139612,Brooklyn,Entire home/apt,199,3,10,6/11/2018,0.1,1,280,40.71561 -73.94835
32331,139874,Brooklyn,Entire home/apt,140,2,4,4/24/2016,0.04,1,0,40.6857 -73.99183
32363,140025,Queens,Private room,140,2,1,9/19/2011,0.01,1,1,40.74028 -73.83168
32965,137974,Brooklyn,Entire home/apt,115,3,124,6/20/2019,1.72,2,170,40.68281 -73.93524
32969,142833,Brooklyn,Entire home/apt,160,3,11,7/2/2019,0.11,1,188,40.71596 -73.93938
33009,143027,Brooklyn,Entire home/apt,195,4,240,6/17/2019,2.19,1,214,40.71492 -73.95935
33014,143048,Manhattan,Entire home/apt,195,3,30,6/17/2019,0.28,1,248,40.72354 -73.98295
33223,72014,Brooklyn,Private room,80,3,200,6/22/2019,1.86,4,262,40.71165 -73.96087
34760,149929,Brooklyn,Private room,44,8,27,6/29/2019,1.05,5,280,40.69101 -73.97312
35526,120291,Manhattan,Private room,156,4,79,6/22/2019,0.74,1,307,40.73474 -74.00101
36121,62165,Brooklyn,Private room,85,15,9,5/10/2013,0.09,1,339,40.67386 -73.96641
36133,142684,Brooklyn,Private room,125,3,155,6/13/2019,1.61,1,1,40.71536 -73.96057
36442,137432,Brooklyn,Entire home/apt,115,15,4,8/27/2018,0.05,1,269,40.6741 -73.96595
36647,157798,Manhattan,Private room,69,2,34,5/29/2017,0.32,1,10,40.79295 -73.93997
36703,158284,Manhattan,Entire home/apt,225,45,134,3/31/2019,1.24,1,312,40.73226 -74.00401
36934,159370,Brooklyn,Entire home/apt,125,6,27,12/27/2018,0.25,1,189,40.71363 -73.96398
38638,92788,Manhattan,Entire home/apt,219,4,126,6/26/2019,1.16,2,290,40.77711 -73.9527
38663,165789,Brooklyn,Entire home/apt,475,3,23,12/31/2018,0.27,1,230,40.68559 -73.98094
39267,168417,Manhattan,Entire home/apt,99,1,234,6/8/2019,2.6,2,164,40.77456 -73.95323
39282,168525,Brooklyn,Private room,69,4,202,5/28/2019,1.86,2,53,40.71088 -73.95055
39593,110506,Queens,Private room,79,30,28,4/12/2019,0.26,1,126,40.74559 -73.92313
39704,170510,Brooklyn,Entire home/apt,135,2,309,6/22/2019,2.86,2,3,40.68306 -73.94659
40039,171851,Brooklyn,Private room,250,3,14,4/25/2011,0.13,1,189,40.70207 -73.98571
40453,174025,Manhattan,Entire home/apt,250,3,4,9/23/2016,0.08,1,365,40.76123 -73.9642
41348,180083,Brooklyn,Entire home/apt,250,2,80,7/6/2019,2.17,1,0,40.66858 -73.99083
41513,181167,Manhattan,Entire home/apt,80,3,2,11/2/2015,0.04,1,0,40.82704 -73.94907
42580,137814,Brooklyn,Private room,70,2,294,6/24/2019,3.47,3,336,40.68843 -73.96408
42729,11481,Brooklyn,Entire home/apt,165,2,150,6/18/2019,1.4,3,342,40.6783 -74.00135
42882,185978,Staten Island,Private room,70,2,166,6/13/2019,1.66,1,312,40.64524 -74.08088
43957,177536,Brooklyn,Private room,50,2,47,6/19/2019,0.94,1,37,40.70641 -73.91765
44096,190409,Bronx,Private room,40,1,219,7/4/2019,2.04,3,353,40.83232 -73.93184
44161,193360,Brooklyn,Entire home/apt,150,2,193,7/6/2016,1.78,1,177,40.71045 -73.9677
44212,72062,Manhattan,Private room,125,1,84,6/23/2019,0.78,4,310,40.72518 -73.98034
44221,193722,Manhattan,Entire home/apt,196,3,114,6/20/2019,1.06,1,0,40.70666 -74.01374
44229,181376,Brooklyn,Private room,110,2,213,6/24/2019,2.0,2,321,40.69098 -73.97113
44288,193637,Manhattan,Entire home/apt,170,3,86,6/1/2019,0.8,1,246,40.73756 -74.00405
44506,126607,Manhattan,Entire home/apt,165,3,80,5/26/2019,0.75,3,231,40.81526 -73.94791
45393,201297,Manhattan,Entire home/apt,150,26,38,4/20/2016,0.36,1,225,40.73423 -74.0046
45542,202249,Manhattan,Entire home/apt,100,2,18,12/17/2018,1.79,1,0,40.82374 -73.9373
45556,67778,Brooklyn,Private room,65,2,206,6/30/2019,1.92,2,0,40.68863 -73.97691
45910,204539,Queens,Entire home/apt,350,8,10,5/12/2019,0.11,5,365,40.70382 -73.89797
45936,867225,Manhattan,Private room,99,4,122,5/14/2019,1.18,2,233,40.80549 -73.95924
45940,204724,Brooklyn,Entire home/apt,200,4,33,4/8/2019,0.58,1,1,40.71627 -73.9587
46544,8198,Brooklyn,Entire home/apt,150,5,52,6/5/2019,0.5,1,18,40.67994 -73.97863
46723,209460,Brooklyn,Private room,90,3,126,5/19/2019,1.17,4,343,40.67992 -73.9475
46911,210746,Brooklyn,Private room,120,3,51,6/24/2019,0.48,3,250,40.67868 -73.97307
47199,212722,Manhattan,Private room,75,3,199,6/24/2019,1.85,1,326,40.76834 -73.95334
47362,214148,Brooklyn,Entire home/apt,175,26,30,9/3/2012,0.29,1,364,40.68237 -73.9415
47370,214287,Manhattan,Entire home/apt,125,3,3,7/17/2015,0.03,1,0,40.74031 -73.99999
47926,218404,Manhattan,Entire home/apt,275,1,41,6/26/2019,0.38,1,299,40.76307 -73.99665
48719,221873,Manhattan,Entire home/apt,299,2,109,6/15/2019,1.04,1,207,40.71882 -73.98852
50447,9744,Brooklyn,Entire home/apt,135,5,151,6/22/2019,1.43,3,162,40.6693 -73.98804
51485,236655,Manhattan,Private room,83,1,285,6/22/2019,2.69,1,7,40.72319 -73.99201
51572,237329,Manhattan,Private room,123,1,375,6/18/2019,3.52,1,328,40.74859 -73.99671
51850,27848,Queens,Private room,55,2,52,5/20/2019,0.49,2,365,40.67252 -73.76597
53137,240360,Manhattan,Entire home/apt,195,5,10,7/1/2019,1.01,1,0,40.76244 -73.99271
53196,247432,Brooklyn,Private room,80,2,11,11/13/2017,0.48,1,0,40.69546 -73.93503
53469,204539,Queens,Entire home/apt,98,30,33,5/9/2015,0.31,5,240,40.71722 -73.87856
53470,204539,Queens,Private room,140,7,6,10/8/2015,0.06,5,365,40.70234 -73.89816
53477,204539,Queens,Entire home/apt,265,7,38,4/27/2019,0.38,5,365,40.71546 -73.87854
54158,10889,Brooklyn,Entire home/apt,249,2,358,6/20/2019,3.44,2,164,40.7195 -73.95976
54453,255583,Manhattan,Shared room,105,6,10,1/7/2014,0.09,1,363,40.76548 -73.98474
54508,210746,Brooklyn,Private room,100,2,226,6/6/2019,2.12,3,250,40.6787 -73.97262
54544,256161,Manhattan,Entire home/apt,121,1,104,6/22/2019,1.0,5,247,40.81035 -73.94598
54626,190409,Bronx,Private room,45,1,138,6/30/2019,1.45,3,323,40.83075 -73.93058
54860,258164,Manhattan,Private room,100,5,204,6/23/2019,1.92,1,192,40.79958 -73.94275
55467,260709,Brooklyn,Entire home/apt,140,2,253,7/2/2019,3.04,1,125,40.71625 -73.93845
55498,262138,Brooklyn,Private room,71,2,23,7/1/2019,0.22,1,91,40.6829 -73.93549
55668,88209,Manhattan,Private room,130,2,115,12/5/2018,1.17,1,75,40.72773 -73.99134
55737,263414,Manhattan,Entire home/apt,199,5,129,5/19/2019,1.22,1,286,40.72861 -74.0049
55959,168525,Brooklyn,Private room,69,4,82,6/10/2019,1.13,2,60,40.70979 -73.95162
55982,264928,Brooklyn,Private room,68,3,37,12/31/2018,0.35,1,0,40.68656 -73.97525
56467,267593,Manhattan,Entire home/apt,130,1,204,7/1/2019,2.04,1,192,40.72752 -73.98432
56525,268014,Brooklyn,Entire home/apt,195,2,69,6/13/2019,0.65,1,58,40.729 -73.95829
56859,256161,Manhattan,Private room,64,1,192,6/3/2019,1.84,5,245,40.81219 -73.94499
57166,272006,Queens,Entire home/apt,140,2,17,6/17/2019,0.16,1,292,40.77185 -73.90502
57297,199392,Brooklyn,Entire home/apt,159,2,222,6/24/2019,2.12,1,279,40.68926 -73.99386
57468,239208,Manhattan,Entire home/apt,189,3,205,6/23/2019,1.96,1,0,40.72821 -73.98701
57618,274557,Manhattan,Entire home/apt,250,3,94,6/9/2019,0.96,1,3,40.7672 -73.98508
57740,275459,Manhattan,Entire home/apt,239,3,7,5/24/2019,0.07,1,351,40.73012 -73.99053
57754,275578,Manhattan,Entire home/apt,305,2,108,6/30/2019,1.09,1,201,40.7403 -73.98498
57874,276291,Manhattan,Entire home/apt,155,3,222,6/26/2019,2.1,2,232,40.80931 -73.94343
58059,277379,Manhattan,Private room,60,1,458,7/3/2019,4.58,2,258,40.8251 -73.94287
58062,277394,Brooklyn,Private room,135,2,21,5/17/2019,0.26,1,272,40.6585 -73.98397
58467,279797,Manhattan,Private room,120,7,17,5/8/2019,0.3,1,341,40.76193 -73.9501
59014,282927,Manhattan,Entire home/apt,150,3,41,1/2/2019,0.39,1,244,40.72052 -73.98589
59121,204539,Queens,Entire home/apt,140,14,1,9/17/2012,0.01,5,365,40.70411 -73.89934
59642,274782,Brooklyn,Entire home/apt,135,2,69,5/19/2019,0.67,1,12,40.73401 -73.95967
59709,186084,Manhattan,Entire home/apt,250,4,18,7/1/2019,0.18,2,265,40.71756 -73.99503
59855,288031,Manhattan,Entire home/apt,250,30,82,1/5/2016,0.78,1,0,40.7589 -73.96991
60164,289653,Manhattan,Entire home/apt,500,4,94,6/23/2019,0.99,1,329,40.72003 -74.00262
60457,99212,Manhattan,Entire home/apt,225,5,10,5/11/2019,0.1,1,91,40.73194 -73.99474
60611,292204,Manhattan,Entire home/apt,125,28,183,9/29/2018,1.83,2,365,40.79163 -73.94573
60666,256161,Manhattan,Private room,92,1,189,6/11/2019,1.82,5,253,40.8118 -73.94434
60673,249372,Manhattan,Private room,175,2,1,10/7/2018,0.11,1,365,40.81583 -73.94707
60680,292630,Manhattan,Entire home/apt,99,2,127,6/20/2019,1.22,1,320,40.72654 -73.98049
60794,293394,Manhattan,Entire home/apt,195,4,4,8/25/2017,0.04,1,0,40.80021 -73.96071
60948,126607,Manhattan,Entire home/apt,140,3,135,6/20/2019,1.3,3,192,40.80942 -73.93936
61167,295760,Manhattan,Entire home/apt,135,2,21,12/12/2015,0.2,1,0,40.71961 -73.9954
61224,291112,Manhattan,Entire home/apt,500,2,35,7/27/2017,0.34,1,348,40.74358 -74.00027
61406,297176,Manhattan,Private room,80,14,10,6/1/2019,2.21,2,0,40.80335 -73.9575
61492,297769,Manhattan,Private room,120,4,171,6/23/2019,1.8,2,353,40.71445 -73.9908
61509,23619,Manhattan,Entire home/apt,110,200,92,4/30/2019,0.9,1,140,40.75749 -73.96897
62095,281764,Brooklyn,Entire home/apt,65,3,238,6/14/2019,2.3,1,2,40.64446 -73.9503
62427,303882,Manhattan,Entire home/apt,130,50,56,5/26/2019,0.58,1,56,40.7268 -73.99079
62430,197755,Brooklyn,Entire home/apt,99,3,111,6/22/2019,2.13,1,68,40.688 -73.9171
